4294967294,1406
4294967294,1405
4294967294,1404
4294967294,1403
4294967294,1402
4294967294,1401
4294967294,1400
4294967294,1399
4294967294,1398
4294967294,1397
4294967294,1396
4294967294,1395
4294967294,1394
4294967294,1393
4294967294,1392
4294967294,1391
4294967294,1390
4294967294,1388
4294967294,1387
4294967294,1386
4294967294,1385
4294967294,1384
4294967294,1383
4294967294,1382
4294967294,1381
4294967294,1380
4294967294,1379
4294967294,1378
4294967294,1377
4294967294,1376
4294967294,1375
4294967294,1374
4294967294,1373
4294967294,1372
4294967294,1371
4294967294,1370
4294967294,1369
4294967294,1368
4294967294,1367
4294967294,1366
4294967294,1365
4294967294,1364
4294967294,1363
4294967294,1362
4294967294,1361
4294967294,1360
4294967294,1359
4294967294,1358
4294967294,1357
4294967294,1356
4294967294,1355
4294967294,1407
4294967294,1354
4294967294,1389
4294967294,1353
4294967294,1352
4294967294,1351
4294967294,1350
4294967294,1349
4294967294,1348
4294967294,1347
4294967294,1346
4294967294,1345
4294967294,1344
4294967294,603
4294967294,602
4294967294,591
4294967294,589
4294967294,588
4294967294,587
4294967294,586
4294967294,585
4294967294,583
4294967294,582
4294967294,581
4294967294,579
4294967294,66
4294967294,65
4294967294,64
4294967294,81
4294967279,546
4294967279,545
4294967279,544
4294967279,543
4294967279,542
4294967279,541
4294967279,540
4294967279,539
4294967279,538
4294967279,537
4294967279,536
4294967294,592
4294967279,535
4294967279,534
4294967279,533
4294967294,261
4294967294,1081
4294967294,1075
4294967294,1073
4294967294,1072
4294967294,1071
4294967294,1065
4294967294,1059
4294967294,1057
4294967294,1056
4294967294,1055
4294967294,317
4294967294,304
4294967294,297
4294967294,271
4294967294,266
4294967294,265
4294967294,263
4294967294,1082
4294967294,63
4294967294,62
4294967294,61
4294967294,60
4294967294,57
4294967294,56
4294967294,55
4294967294,54
4294967294,35
4294967294,50
4294967294,34
4294967294,33
4294967294,32
4294967294,31
4294967294,30
4294967294,23
4294967294,22
4294967294,21
4294967294,11
4294967294,10
4294967294,7
4294967294,6
4294967279,511
4294967279,510
4294967279,509
4294967278,260
4294967294,8
4294967294,59
4294967294,58
4294967294,1076
4294967294,14
4294967294,13
4294967294,12
4294967278,0
4294967294,20
4294967294,19
4294967294,18
4294967294,5
4294967294,1083
4294967294,1085
4294967294,1069
4294967294,1084
4294967294,1067
4294967294,1080
4294967294,1078
4294967294,1070
4294967294,1079
4294967294,53
4294967294,52
4294967294,51
4294967294,49
4294967294,48
4294967294,47
4294967294,45
4294967294,44
4294967294,43
4294967294,42
4294967294,41
4294967294,40
4294967294,39
4294967294,38
4294967294,37
4294967294,36
4294967294,1068
4294967294,29
4294967294,28
4294967294,1086
4294967294,27
4294967294,26
4294967294,25
4294967294,24
4294967294,17
4294967294,1515
4294967294,1514
4294967294,1513
4294967294,1512
4294967294,1511
4294967294,1510
4294967294,1509
4294967294,1508
4294967294,1507
4294967294,1506
4294967294,1505
4294967294,1504
4294967294,1503
4294967294,1502
4294967294,1501
4294967294,1500
4294967294,1499
4294967294,1498
4294967294,1497
4294967294,1496
4294967294,1495
4294967294,1494
4294967294,1493
4294967294,1492
4294967294,1491
4294967294,1490
4294967294,1489
4294967294,1488
4294967294,1487
4294967294,1486
4294967294,1485
4294967294,1484
4294967294,1483
4294967294,1482
4294967294,1481
4294967294,1480
4294967294,1479
4294967294,1478
4294967294,1476
4294967294,1475
4294967294,1474
4294967294,1473
4294967294,1472
4294967294,201
4294967294,1477
4294967294,1268
4294967294,1260
4294967294,1251
4294967294,1250
4294967294,1238
4294967294,1248
4294967294,1237
4294967294,1249
4294967294,1235
4294967294,1234
4294967294,1229
4294967294,1216
4294967294,452
4294967294,456
4294967294,455
4294967294,255
4294967294,254
4294967294,253
4294967294,252
4294967294,251
4294967294,250
4294967294,249
4294967294,248
4294967294,247
4294967294,246
4294967294,245
4294967294,244
4294967294,243
4294967294,242
4294967294,241
4294967294,240
4294967294,239
4294967294,238
4294967294,237
4294967294,236
4294967294,235
4294967294,204
4294967294,1421
4294967294,1419
4294967294,1416
4294967294,1415
4294967294,1414
4294967294,1411
4294967294,1410
4294967294,1408
4294967294,140
4294967294,139
4294967294,137
4294967294,1413
4294967294,416
4294967294,143
4294967294,1409
4294967294,1412
4294967294,1418
4294967294,1158
4294967294,1417
4294967294,1154
4294967294,959
4294967294,958
4294967294,957
4294967294,956
4294967294,955
4294967294,954
4294967294,953
4294967294,952
4294967294,951
4294967294,950
4294967294,949
4294967294,948
4294967294,947
4294967294,946
4294967294,945
4294967294,944
4294967294,943
4294967294,942
4294967294,941
4294967294,940
4294967294,939
4294967294,938
4294967294,937
4294967294,936
4294967294,447
4294967294,446
4294967294,445
4294967294,444
4294967294,438
4294967294,437
4294967294,433
4294967294,432
4294967294,431
4294967294,430
4294967294,428
4294967294,427
4294967294,426
4294967294,424
4294967294,423
4294967294,159
4294967294,158
4294967294,157
4294967294,156
4294967294,155
4294967294,154
4294967294,153
4294967294,152
4294967294,151
4294967294,150
4294967294,149
